1.0 -0.0 -0.0 -7.740675755485427e-06 0.0 -1.0 -0.0 -3.387339529581368e-05 0.0 -0.0 -1.0 -4.238564542902168e-06
1.0 -2.1572519472101703e-05 -1.9637014702311717e-05 3.418499181861989e-05 -2.1571839170064777e-05 -1.0 3.4658329241210595e-05 -3.828487388091162e-05 -1.9637764125945978e-05 -3.465790723566897e-05 -1.0 0.00018306079437024891
1.0 0.00023405958199873567 -8.481554800710001e-07 4.0655473299011646e-07 0.00023405964020639658 -1.0 8.455108036287129e-05 -1.628088102734182e-05 -8.283654437946097e-07 -8.455126953776926e-05 -1.0 2.3112217604648322e-05
0.9999998807907104 0.0005274952854961157 3.355828084750101e-05 -4.6299148380057886e-05 0.0005274899303913116 -1.0 0.00015966188220772892 -1.956068808794953e-05 3.364250005688518e-05 -0.00015964415797498077 -1.000000238418579 5.3210100304568186e-05
0.9999996423721313 0.0008646865026094019 7.941767398733646e-05 -9.413436782779172e-05 0.000864670320879668 -0.9999997615814209 0.0002042716514552012 3.160947380820289e-05 7.959427603054792e-05 -0.0002042029082076624 -1.000000238418579 -0.0004090624279342592
0.9999975562095642 0.002073880285024643 0.0007348207873292267 -4.917269689030945e-05 0.0020728548988699913 -0.9999971389770508 0.0013935159659013152 0.00023701295140199363 0.0007377084693871439 -0.0013919895282015204 -0.9999990463256836 0.00022727965551894158
0.9999992251396179 0.0012340644607320428 -7.106410976120969e-06 -0.00012663609231822193 0.0012340698158368468 -0.999998927116394 0.000829604861792177 9.878520359052345e-05 -6.082617346692132e-06 -0.0008296130108647048 -0.9999996423721313 0.00031901829061098397
0.9999991059303284 0.001341521623544395 -0.00010420930630061775 -1.5561803593300283e-05 0.0013416301226243377 -0.9999985694885254 0.0010491228895261884 0.00012797479575965554 -0.00010280172864440829 -0.001049261656589806 -0.9999995231628418 0.0002618081052787602
0.9999991059303284 0.001331862062215805 -0.00014952341734897345 1.0383223525423091e-05 0.0013320452999323606 -0.9999983310699463 0.0012321984395384789 0.00019731659267563373 -0.00014788204862270504 -0.0012323965784162283 -0.9999991655349731 0.00015089176304172724
0.9999994039535522 0.0010826840298250318 -0.00021823553834110498 7.348548388108611e-05 0.0010830041719600558 -0.9999982118606567 0.0014727440429851413 0.00022960032219998538 -0.00021664064843207598 -0.0014729794347658753 -0.9999988079071045 0.0003467714414000511
0.999997079372406 0.0023912948090583086 0.0003893462708219886 -2.3043328837957233e-05 0.002390611218288541 -0.9999954700469971 0.0017470327438786626 0.00012877161498181522 0.0003935222630389035 -0.001746096764691174 -0.9999982118606567 0.0003469213261269033
0.9999998211860657 0.000597088597714901 -0.00014397420454770327 -3.5854565794579685e-05 0.0005973925581201911 -0.9999977350234985 0.0021206014789640903 0.00022675438958685845 -0.00014270766405388713 -0.002120687160640955 -0.9999979734420776 0.0003197038604412228
0.9999997615814209 0.0006505408091470599 -4.149426968069747e-05 -3.919513619621284e-05 0.0006506420904770494 -0.9999966621398926 0.002489701844751835 0.00024083247990347445 -3.987448144471273e-05 -0.0024897283874452114 -0.9999969005584717 0.00020741118350997567
0.9999997019767761 0.0007681934512220323 6.015421240590513e-05 -6.313307676464319e-05 0.0007680219714529812 -0.9999958276748657 0.00280039687640965 0.00025086876121349633 6.230520375538617e-05 -0.0028003498446196318 -0.9999960660934448 0.0007459294283762574
0.9999997019767761 0.0007727283518761396 0.00013744126772508025 1.6866958958416944e-06 0.0007722812006250024 -0.9999945163726807 0.0032245717011392117 0.00014221582387108356 0.00013993223547004163 -0.003224464599043131 -0.9999947547912598 0.0010844029020518064
0.9999979138374329 0.0014490570174530149 0.0014427510323002934 -0.00024363344709854573 0.0014442281099036336 -0.9999935626983643 0.00334238656796515 0.0001695709361229092 0.0014475848292931914 -0.003340295748785138 -0.9999935626983643 0.000980168697424233
0.9999999403953552 -8.34084494272247e-05 0.00040129025001078844 -9.466572373639792e-05 -8.485819853376597e-05 -0.9999934434890747 0.0036140752490609884 0.00021180935436859727 0.0004009861731901765 -0.0036141087766736746 -0.9999934434890747 0.0005411062156781554
0.9999997019767761 -0.0005265799700282514 0.000546186463907361 -0.00015320919919759035 -0.000528644013684243 -0.9999922513961792 0.0037858460564166307 0.0002354849420953542 0.0005441888934001327 -0.003786133835092187 -0.9999922513961792 0.0006047537317499518
0.9999995827674866 -0.0007697269320487976 0.0005455100908875465 -2.7484840757097118e-05 -0.0007718255510553718 -0.9999920129776001 0.003857305506244302 0.00026407797122374177 0.0005425368435680866 -0.0038577246014028788 -0.9999921321868896 0.0009406314929947257
0.9999995827674866 -0.0006504366174340248 0.0006387833273038268 -6.885045149829239e-05 -0.0006529693491756916 -0.9999916553497314 0.003972700797021389 0.0003000994329340756 0.000636194134131074 -0.0039731161668896675 -0.9999916553497314 0.0007062479853630066
0.9999972581863403 0.002201812108978629 0.0007682944997213781 -0.00013740549911744893 0.0021992099937051535 -0.9999914169311523 0.0033712766598910093 1.2974183846381493e-05 0.0007757112034596503 -0.0033695779275149107 -0.9999935626983643 0.0010514030000194907
0.9999995231628418 -0.0007698762346990407 0.0006259156507439911 -6.707175634801388e-05 -0.0007724416791461408 -0.9999910593032837 0.00410880334675312 0.00025342064327560365 0.0006227469420991838 -0.004109284840524197 -0.9999910593032837 0.0006526920478790998
0.9999993443489075 -0.0009489065269008279 0.0006277157226577401 -9.466295159654692e-05 -0.0009514850098639727 -0.9999910593032837 0.004120191093534231 0.00025302532594650984 0.0006238004425540566 -0.004120785277336836 -0.9999912977218628 0.0005123824230395257
0.9999993443489075 -0.0008905126014724374 0.0006923498585820198 -0.00027180564939044416 -0.0008933043573051691 -0.9999914169311523 0.004042456392198801 0.0003012061642948538 0.0006887440104037523 -0.004043071996420622 -0.9999915361404419 0.0006977295852266252
0.9999997019767761 -0.0005117530818097293 0.0005306334933266044 -0.00012294724001549184 -0.0005137967527844012 -0.9999920129776001 0.0038583329878747463 0.00039233179995790124 0.0005286550149321556 -0.0038586044684052467 -0.9999920129776001 0.00025631298194639385
0.9999974370002747 0.0022434259299188852 0.000291756063234061 -0.000218197688809596 0.0022423306945711374 -0.999990701675415 0.003701205598190427 0.00022958862246014178 0.0003000567085109651 -0.0037005420308560133 -0.9999933242797852 0.0008528460748493671
0.9999998211860657 0.0003324207791592926 0.0004613466444425285 -0.00029753631679341197 0.00033065894967876375 -0.9999926090240479 0.003813723335042596 0.00022967731638345867 0.0004626110312528908 -0.0038135701324790716 -0.9999924898147583 0.0003535513242240995
0.9999996423721313 0.0008225779747590423 0.0002985524188261479 -0.00021651433780789375 0.0008215049747377634 -0.999992847442627 0.003576544811949134 0.00027862019487656653 0.0003014923713635653 -0.0035762980114668608 -0.9999932050704956 0.0009076343267224729
0.9999995231628418 0.0009477967978455126 0.0002471093030180782 -0.0003344972792547196 0.000946944986935705 -0.9999939203262329 0.0034249064046889544 0.0001872995781013742 0.0002503538562450558 -0.0034246707800775766 -0.9999943971633911 0.0009025284089148045
0.9999997019767761 0.0007296803523786366 9.681039227871224e-05 -0.00032166962046176195 0.0007293747621588409 -0.9999948740005493 0.00311965006403625 0.00012218144547659904 9.908623906085268e-05 -0.003119578817859292 -0.9999951124191284 0.0008887342410162091
0.9999995827674866 0.0008973476942628622 0.00020179730199743062 -0.0005814554169774055 0.0008969279006123543 -0.999997615814209 0.002070667454972863 0.0002002590917982161 0.0002036548830801621 -0.002070485381409526 -0.9999980926513672 0.0008443307015113533
1.0 -0.0001036889516399242 -9.829657210502774e-05 -0.0004081382357981056 -0.00010346253839088604 -0.9999973773956299 0.0023006550036370754 0.00012726863496936858 -9.853485971689224e-05 -0.0023006447590887547 -0.9999973773956299 0.0012109086383134127
1.0 7.002220809226856e-05 -0.00022441720648203045 -0.0004504415555857122 7.043213554425165e-05 -0.9999983310699463 0.0018271435983479023 0.00015137236914597452 -0.0002242888876935467 -0.0018271594308316708 -0.9999983310699463 0.00099928118288517
0.9999998211860657 0.00027951138326898217 -0.000513310544192791 -0.0002672610862646252 0.0002801865339279175 -0.9999992847442627 0.0013156725326552987 0.00017147020844276994 -0.0005129423225298524 -0.0013158161891624331 -0.9999990463256836 0.0009598297765478492
0.9999997019767761 0.000561505788937211 -0.0005034084315411747 -0.0005497512756846845 0.000561940367333591 -0.9999995231628418 0.0008635615813545883 0.00015549032832495868 -0.0005029232124798 -0.0008638442377559841 -0.9999995231628418 0.0005007974104955792
0.9999976754188538 0.002001840388402343 -0.0008117803372442722 -0.0003952282131649554 0.0020020699594169855 -0.9999979734420776 0.0002821029629558325 -8.452433394268155e-05 -0.0008112139767035842 -0.00028372753877192736 -0.9999996423721313 0.000552374345716089
0.9999976754188538 0.0019412143155932426 -0.0009209397248923779 -0.0004541895177680999 0.0019413107074797153 -0.9999983310699463 0.00010368448420194909 7.083010132191703e-05 -0.0009207366965711117 -0.00010547207057243213 -0.9999997615814209 0.0009054802940227091
0.9999962449073792 0.002441069111227989 -0.0012310388265177608 -0.0002934795047622174 0.002440666314214468 -0.9999971389770508 -0.000328763882862404 3.664683026727289e-05 -0.0012318376684561372 0.00032575809746049345 -0.9999994039535522 0.0005127125768922269
0.9999960064888 0.0025820413138717413 -0.0011739609763026237 -0.0007276820833794773 0.0025812017265707254 -0.9999964237213135 -0.0007159688393585384 -3.664241376100108e-05 -0.0011758054606616497 0.0007129357545636594 -0.9999990463256836 0.0006862411973997951
0.9999944567680359 0.002909646835178137 -0.001600666088052094 -0.00040326008456759155 0.002907748334109783 -0.9999948740005493 -0.0011871813330799341 -0.00014049475430510938 -0.0016041124472394586 0.001182520529255271 -0.9999977350234985 0.000442122487584129
0.9999948143959045 0.002380450488999486 -0.002167942002415657 -0.0003586205712053925 0.0023765412624925375 -0.9999954700469971 -0.0018039809074252844 -0.00018399706459604204 -0.0021722265519201756 0.0017988192848861217 -0.9999959468841553 0.0012123887427151203
0.9999955892562866 0.0021964702755212784 -0.00198554340749979 -0.0006206492544151843 0.0021918551065027714 -0.9999951124191284 -0.0023235708940774202 -8.602419256931171e-05 -0.0019906368106603622 0.0023192085791379213 -0.9999954700469971 0.0005643096519634128
0.9999958872795105 0.0017225071787834167 -0.0022898095194250345 -0.0007058256887830794 0.0017162493895739317 -0.9999945163726807 -0.0027320077642798424 -0.0001835973816923797 -0.0022945033852010965 0.002728066872805357 -0.9999933242797852 0.000581683125346899
0.9999954104423523 0.0013559871586039662 -0.002710483968257904 -0.0006037700804881752 0.0013472161954268813 -0.9999936819076538 -0.003235169220715761 -0.00016770132060628384 -0.002714854199439287 0.0032315026037395 -0.9999909400939941 0.0007960823131725192
0.9999949932098389 0.0012763893464580178 -0.00290314550511539 -0.0008480934193357825 0.0012659089406952262 -0.9999924898147583 -0.003609019797295332 -0.0001893927255878225 -0.002907730871811509 0.0036053266376256943 -0.9999891519546509 0.0008973197545856237
0.9999904632568359 0.002824505092576146 -0.003327788785099983 -0.0006320435204543173 0.0028153525199741125 -0.9999920129776001 -0.002751897322013974 -0.0003294706402812153 -0.0033355355262756348 0.0027425021398812532 -0.9999903440475464 0.0012966832146048546
0.9999917149543762 0.001945733092725277 -0.0035702181048691273 -0.0009076269343495369 0.0019310354255139828 -0.99998939037323 -0.004115599673241377 -0.0002715872251428664 -0.003578189294785261 0.004108671564608812 -0.999984860420227 0.0010151435853913426
0.9999884963035583 0.0026331362314522266 -0.004016431048512459 -0.0007672126521356404 0.0026152734644711018 -0.9999868869781494 -0.004446186125278473 -0.00025065953377634287 -0.004028084687888622 0.004435630515217781 -0.9999822378158569 0.0008840776863507926
0.9999842047691345 0.0035640897694975138 -0.004350379575043917 -0.0007393998093903065 0.0035442642401903868 -0.9999834299087524 -0.0045564123429358006 -0.0003161355562042445 -0.004366546403616667 0.004540921654552221 -0.9999802112579346 0.0011284737847745419
0.9999809861183167 0.004113378934562206 -0.004587912000715733 -0.0007948639686219394 0.004092038609087467 -0.9999808073043823 -0.004651075694710016 -0.0003035845293197781 -0.00460695568472147 0.004632213618606329 -0.9999786615371704 0.0008499921532347798
0.9999790191650391 0.0045956894755363464 -0.004568235017359257 -0.0008399837533943355 0.004582123830914497 -0.9999850988388062 -0.0029756019357591867 -0.00024342522374354303 -0.004581841640174389 0.00295460713095963 -0.9999850988388062 0.0011067030718550086
0.999976634979248 0.004597368184477091 -0.0050541409291327 -0.0009144305367954075 0.004573808517307043 -0.9999786615371704 -0.0046632662415504456 -0.00036186209763400257 -0.005075471941381693 0.004640040919184685 -0.9999762773513794 0.0005995989195071161
0.9999753832817078 0.004685673397034407 -0.005226230714470148 -0.0009746383875608444 0.004661340732127428 -0.9999784231185913 -0.004658406600356102 -0.00030563041218556464 -0.005247945431619883 0.004633930511772633 -0.9999756813049316 0.0008951382478699088
0.9999754428863525 0.004523073323071003 -0.005354819353669882 -0.0010969663271680474 0.004499203525483608 -0.9999799728393555 -0.004461338743567467 -0.0004257535911165178 -0.005374891217797995 0.004437136463820934 -0.9999756813049316 0.0008203261531889439
0.9999745488166809 0.0042429715394973755 -0.005738598294556141 -0.0008298883913084865 0.00421738438308239 -0.999981164932251 -0.004463540390133858 -0.0003522362094372511 -0.005757428705692291 0.004439224489033222 -0.9999735355377197 0.0007247051689773798
0.9999793767929077 0.003615407273173332 -0.005312495864927769 -0.0010429455433040857 0.003599777352064848 -0.9999891519546509 -0.002948709996417165 -0.000180684874067083 -0.005323098972439766 0.0029295252170413733 -0.9999815225601196 0.0008420561207458377
0.999976634979248 0.003446119138970971 -0.005907658487558365 -0.0009219868225045502 0.003421502886340022 -0.9999858140945435 -0.004171865992248058 -0.00027973303804174066 -0.005921949632465839 0.004151555709540844 -0.9999741315841675 0.0006404681480489671
0.9999759197235107 0.0035633521620184183 -0.005957962013781071 -0.0009284068364650011 0.0035402157809585333 -0.9999861717224121 -0.0038893045857548714 -0.00026766216615214944 -0.005971738137304783 0.003868118394166231 -0.9999747276306152 0.0009130681864917278
0.9999752044677734 0.0036805709823966026 -0.006008297670632601 -0.0009348144521936774 0.0036589428782463074 -0.9999866485595703 -0.003606748301535845 -0.00025566929252818227 -0.0060214935801923275 0.003584674559533596 -0.9999752044677734 0.001185671892017126
0.999975860118866 0.0035205138847231865 -0.005995087791234255 -0.0009226611582562327 0.003501132596284151 -0.9999884366989136 -0.0032402779906988144 -0.0002616886340547353 -0.006006426643580198 0.0032192100770771503 -0.999976634979248 0.0009076771675609052
0.9999759197235107 0.0034960713237524033 -0.005994932726025581 -0.0008731749840080738 0.0034839757718145847 -0.9999918937683105 -0.002026911126449704 -0.00016091056750155985 -0.006001969799399376 0.002005975926294923 -0.9999799728393555 0.0009183085639961064
0.9999788403511047 0.002602796535938978 -0.00596479419618845 -0.000818595988675952 0.0025908714160323143 -0.9999946355819702 -0.00200607324950397 -0.00017230134108103812 -0.005969983525574207 0.001990576973184943 -0.9999802112579346 0.0005303835496306419
0.999979555606842 0.002623914508149028 -0.00582650164142251 -0.0009709616424515843 0.002616397337988019 -0.9999958276748657 -0.0012973856646567583 -0.00014679055311717093 -0.00582988141104579 0.0012821147684007883 -0.9999823570251465 0.0008745050290599465
0.9999784231185913 0.0027175249997526407 -0.005983661860227585 -0.0006631144788116217 0.002713353605940938 -0.9999961853027344 -0.0007051702123135328 7.257534662130638e-07 -0.0059855543076992035 0.0006889192154631019 -0.9999819993972778 0.0006632794975303113
0.9999808073043823 0.002382806735113263 -0.005718081723898649 -0.0010214446811005473 0.002382872859016061 -0.9999970197677612 4.718773652712116e-06 3.507505880406825e-06 -0.005718053784221411 -1.8344144336879253e-05 -0.999983549118042 0.0010671588825061917
0.9999817609786987 0.0024798254016786814 -0.0055046710185706615 -0.000927075045183301 0.0024875777307897806 -0.9999960660934448 0.0014018871588632464 -5.9542398958001286e-05 -0.005501172039657831 -0.0014155550161376595 -0.9999840259552002 0.0005679522873833776
0.9999819993972778 0.0017989902989938855 -0.005721219815313816 -0.0009038925054483116 0.0018068313365802169 -0.9999972581863403 0.0013656563824042678 1.9926648747059517e-05 -0.005718748085200787 -0.0013759691501036286 -0.9999825954437256 0.0009592219139449298
0.9999823570251465 0.001722122891806066 -0.005687694065272808 -0.0008900619577616453 0.0017330272821709514 -0.9999966621398926 0.0019128303974866867 0.00015348647139035165 -0.005684381350874901 -0.0019226535223424435 -0.9999819993972778 0.0006061279564164579
0.9999827146530151 0.0017943659331649542 -0.005604040343314409 -0.0009411387727595866 0.0018089576624333858 -0.9999949932098389 0.002599813509732485 0.00014523752906825393 -0.005599347408860922 -0.0026099057868123055 -0.9999809265136719 0.000728827144484967
0.9999821186065674 0.0019795456901192665 -0.005646183621138334 -0.0007932035368867218 0.0019972468726336956 -0.999993085861206 0.0031311565544456244 0.0002823778777383268 -0.005639946553856134 -0.0031423771288245916 -0.9999791383743286 0.0010313279926776886
0.9999860525131226 0.0020261749159544706 -0.0048833186738193035 -0.0009198826155625284 0.002043480286374688 -0.9999915361404419 0.0035414043813943863 0.0004022370558232069 -0.004876102786511183 -0.003551333677023649 -0.9999816417694092 0.00044306868221610785
0.9999831318855286 0.0013928978005424142 -0.005640006624162197 -0.0007894402369856834 0.0014167636400088668 -0.9999902248382568 0.00422975979745388 0.00027044053422287107 -0.005634059198200703 -0.004237678833305836 -0.999975323677063 0.0008240619790740311
0.9999839663505554 0.0008958821999840438 -0.005589515436440706 -0.0009465010371059179 0.0009216468897648156 -0.9999887943267822 0.004608592484146357 0.00035003249649889767 -0.005585324484854937 -0.00461367005482316 -0.9999735355377197 0.0010491120629012585
0.9999831318855286 0.000627415778581053 -0.005771023221313953 -0.0007436284213326871 0.000656942545901984 -0.9999866485595703 0.005115909036248922 0.0002751633001025766 -0.005767736583948135 -0.005119613837450743 -0.9999701976776123 0.0009321534307673573
0.9999828934669495 0.000477493362268433 -0.005825264845043421 -0.0007404203061014414 0.0005091279745101929 -0.9999852180480957 0.005430317018181086 0.0003907407517544925 -0.005822585429996252 -0.005433190148323774 -0.999968409538269 0.0009808322647586465
0.9999838471412659 0.0007742877933196723 -0.005630205385386944 -0.0008139119017869234 0.0008037371444515884 -0.999985933303833 0.005230219569057226 0.00017489615129306912 -0.005626076832413673 -0.005234660115092993 -0.9999704360961914 0.001087730284780264
0.999983012676239 0.00026991497725248337 -0.005823623854666948 -0.0008930236799642444 0.0003044906188733876 -0.9999823570251465 0.005937069188803434 0.0003698612854350358 -0.005821918603032827 -0.005938741844147444 -0.9999654293060303 0.0005781453801319003
0.999983012676239 7.595760689582676e-05 -0.005832479801028967 -0.0009687158744782209 0.00011142354924231768 -0.9999815225601196 0.006080680526793003 0.00041131695616059005 -0.005831909831613302 -0.006081227213144302 -0.9999645948410034 0.0003714762278832495
0.999982476234436 -0.0004911256837658584 -0.005899710115045309 -0.001106002600863576 -0.00045472115743905306 -0.9999806880950928 0.006170322652906179 0.0003993013233412057 -0.005902627948671579 -0.006167531479150057 -0.9999634027481079 0.0006893773679621518
0.999981164932251 -0.0011218652362003922 -0.006030342075973749 -0.0011432735482230783 -0.0010847147786989808 -0.9999804496765137 0.0061603328213095665 0.0004873360157944262 -0.0060371351428329945 -0.006153675727546215 -0.9999628067016602 0.0009072870598174632
0.9999740719795227 -0.003009029431268573 -0.006545720621943474 -0.001310879597440362 -0.0029715022537857294 -0.9999792575836182 0.005735266488045454 0.0002679736353456974 -0.006562842056155205 -0.005715666804462671 -0.999962329864502 0.0013796461280435324
0.9999715685844421 -0.0035153364297002554 -0.006675276905298233 -0.001314041786827147 -0.0034750893246382475 -0.9999758005142212 0.006031348370015621 0.0005406251875683665 -0.006696317344903946 -0.00600797962397337 -0.9999595880508423 0.00046249988372437656
0.9999640583992004 -0.004748528823256493 -0.007022967096418142 -0.0015745720593258739 -0.004706257022917271 -0.9999704360961914 0.006023412104696035 0.0005105521995574236 -0.007051364053040743 -0.005990143399685621 -0.9999568462371826 0.0003402976435609162
0.9999546408653259 -0.005801038350909948 -0.007556110620498657 -0.0015480436850339174 -0.005755992140620947 -0.9999655485153198 0.005969758611172438 0.0005245543434284627 -0.007590482011437416 -0.005925994832068682 -0.9999535083770752 0.0005175998667255044
0.999943733215332 -0.006979128811508417 -0.007986803539097309 -0.0016836413415148854 -0.006931327749043703 -0.9999579191207886 0.005997166037559509 0.0004503418458625674 -0.008028323762118816 -0.005941469222307205 -0.9999500513076782 0.0005128657794557512
0.9999098777770996 -0.009864307008683681 -0.009107513353228569 -0.0019690582994371653 -0.009812374599277973 -0.9999351501464844 0.005729308817535639 0.0005558853736147285 -0.009163441136479378 -0.005639425944536924 -0.9999418258666992 0.0008921995759010315
0.9999058842658997 -0.010236211121082306 -0.009132422506809235 -0.002194985980167985 -0.010184429585933685 -0.999932050704956 0.005698711145669222 0.000584021327085793 -0.009190134704113007 -0.005605166312307119 -0.9999421834945679 0.000718643597792834
0.9998766183853149 -0.012169922702014446 -0.009929711930453777 -0.002122908364981413 -0.012113080359995365 -0.9999098777770996 0.005764604080468416 0.0004442311474122107 -0.009998972527682781 -0.0056436131708323956 -0.9999339580535889 0.0005002900725230575
0.9998395442962646 -0.014484155923128128 -0.010539114475250244 -0.0025350963696837425 -0.014427874237298965 -0.999881386756897 0.005396923050284386 0.0007384421187452972 -0.010616034269332886 -0.005243999883532524 -0.9999300241470337 0.0003837166877929121
0.9997977018356323 -0.016621574759483337 -0.011327113024890423 -0.0027276198379695415 -0.016560137271881104 -0.9998478889465332 0.005496285390108824 0.000607212248723954 -0.011416745372116566 -0.005307594779878855 -0.9999209642410278 0.00024873806978575885
0.9996822476387024 -0.02127404697239399 -0.013521687127649784 -0.0027679188642650843 -0.021185582503676414 -0.9997533559799194 0.006652465555816889 0.0008318700129166245 -0.013659878633916378 -0.006363886874169111 -0.9998863935470581 0.00018004720914177597
0.9996868371963501 -0.021177975460886955 -0.01333015039563179 -0.0030389251187443733 -0.02110935188829899 -0.9997631311416626 0.005267961882054806 0.0008515834924764931 -0.01343856006860733 -0.0049849217757582664 -0.9998971223831177 0.0009295992786064744
0.9996187686920166 -0.02365761063992977 -0.014236983843147755 -0.003343187738209963 -0.02358168549835682 -0.9997069835662842 0.005477396305650473 0.0006676551420241594 -0.014362393878400326 -0.005139575805515051 -0.9998836517333984 0.0007899629999883473
0.9995474219322205 -0.025777773931622505 -0.015506711788475513 -0.003075712127611041 -0.02568621002137661 -0.9996516704559326 0.0060753305442631245 0.0006486313068307936 -0.01565791852772236 -0.005674272309988737 -0.9998613595962524 0.0008416619966737926
0.9994884133338928 -0.02744017168879509 -0.016429821029305458 -0.003361989976838231 -0.027337834239006042 -0.9996055364608765 0.00642132293432951 0.0009695576736703515 -0.016599545255303383 -0.005968881770968437 -0.9998443126678467 0.0002567846386227757
0.9994795322418213 -0.026757042855024338 -0.018018577247858047 -0.003241270547732711 -0.026590213179588318 -0.9996017217636108 0.009435690008103848 0.0012953151017427444 -0.01826387643814087 -0.008951661176979542 -0.9997929334640503 0.0005992144579067826
0.9993923306465149 -0.029412971809506416 -0.018705330789089203 -0.003276101080700755 -0.029265092685818672 -0.9995385408401489 0.008130945265293121 0.0008288724930025637 -0.018935855478048325 -0.007578590884804726 -0.9997919797897339 0.00034686666913330555
0.9993690252304077 -0.029667427763342857 -0.01953059807419777 -0.0036493074148893356 -0.029497357085347176 -0.999524712562561 0.008939136750996113 0.0010136943310499191 -0.019786521792411804 -0.0083573954179883 -0.9997692108154297 0.0008809806895442307
0.9993500709533691 -0.029483405873179436 -0.020740656182169914 -0.0034088194370269775 -0.029282590374350548 -0.9995217323303223 0.009920278564095497 0.0010652515338733792 -0.02102322317659855 -0.009306490421295166 -0.9997354745864868 0.001194999204017222
0.9993472099304199 -0.028921272605657578 -0.021648846566677094 -0.0036184671334922314 -0.02868613228201866 -0.9995266199111938 0.01109455619007349 0.001042829593643546 -0.021959472447633743 -0.010466291569173336 -0.9997037649154663 0.0018112481338903308
0.9993646740913391 -0.027309734374284744 -0.022899720817804337 -0.0036375499330461025 -0.02700771391391754 -0.9995454549789429 0.01339607685804367 0.001283355406485498 -0.023255154490470886 -0.012769097462296486 -0.9996479749679565 0.001035274239256978
0.9993188381195068 -0.02811572141945362 -0.023903369903564453 -0.003515660297125578 -0.0277846809476614 -0.9995148181915283 0.014070254750549793 0.0011504202848300338 -0.02428736910223961 -0.013396522961556911 -0.9996151924133301 0.0014248769730329514
0.999302089214325 -0.027842096984386444 -0.02490261010825634 -0.003664655378088355 -0.02745993435382843 -0.9995014667510986 0.015558931045234203 0.0012028836645185947 -0.025323396548628807 -0.014864248223602772 -0.9995684623718262 0.0011945085134357214
0.9992817640304565 -0.02755223773419857 -0.026015711948275566 -0.003745158901438117 -0.027112973853945732 -0.9994863271713257 0.01708906888961792 0.0012036786647513509 -0.026473188772797585 -0.016371432691812515 -0.9995155334472656 0.0014350524870678782
0.9992601275444031 -0.027325261384248734 -0.027065137401223183 -0.003925396129488945 -0.02682938426733017 -0.9994684457778931 0.01851843111217022 0.0013040786143392324 -0.0275567714124918 -0.017778588458895683 -0.9994621276855469 0.0017756865127012134
0.9992337226867676 -0.0262992512434721 -0.028988294303417206 -0.0040235938504338264 -0.025732198730111122 -0.9994736909866333 0.01976395957171917 0.001656851265579462 -0.029492810368537903 -0.0190028827637434 -0.9993845224380493 0.0009176503517664969
0.9991894364356995 -0.027167290449142456 -0.029705533757805824 -0.0038158888928592205 -0.026553910225629807 -0.9994299411773682 0.02085183560848236 0.00149959372356534 -0.030255084857344627 -0.020046137273311615 -0.9993412494659424 0.001667749835178256
0.9991512298583984 -0.027198368683457375 -0.030936995521187782 -0.004076487384736538 -0.026527566835284233 -0.9994083642959595 0.021890558302402496 0.001591807114891708 -0.03151407837867737 -0.02105129510164261 -0.999281644821167 0.0015196861932054162
0.999119758605957 -0.026673974469304085 -0.032375287264585495 -0.004032449331134558 -0.025937335565686226 -0.9993999004364014 0.02296382188796997 0.0016003937926143408 -0.032968390733003616 -0.02210387960076332 -0.9992121458053589 0.0014341039350256324
0.9990860223770142 -0.026109684258699417 -0.033844027668237686 -0.003986012656241655 -0.025320682674646378 -0.9994022846221924 0.02353552356362343 0.0016364895273000002 -0.034438300877809525 -0.022657059133052826 -0.9991500377655029 0.00125851109623909
0.9990631937980652 -0.025509851053357124 -0.03495614230632782 -0.0043037887662649155 -0.024689478799700737 -0.9994142055511475 0.02370273508131504 0.001527189277112484 -0.03554031252861023 -0.02281748317182064 -0.999107837677002 0.001218602410517633
0.9990128874778748 -0.024940218776464462 -0.036759596318006516 -0.004304396454244852 -0.024038009345531464 -0.9994038343429565 0.02478450909256935 0.001420427579432726 -0.037355806678533554 -0.02387641742825508 -0.9990168809890747 0.0014149538474157453
0.9989766478538513 -0.024415727704763412 -0.03807251155376434 -0.004469434265047312 -0.023462150245904922 -0.9994044303894043 0.02529522031545639 0.0013007823145017028 -0.03866744786500931 -0.024376071989536285 -0.9989546537399292 0.0015979211311787367
0.9989330768585205 -0.023800423368811607 -0.039575252681970596 -0.004339076578617096 -0.02280060388147831 -0.9994140863418579 0.025526050478219986 0.0014549328479915857 -0.040159594267606735 -0.024596478790044785 -0.9988905191421509 0.0017909564776346087
0.9988895654678345 -0.023618536069989204 -0.04076506569981575 -0.004739596042782068 -0.022569602355360985 -0.9994066953659058 0.02600247412919998 0.001274464768357575 -0.041355032473802567 -0.02505354955792427 -0.9988299608230591 0.0015776950167492032
0.9987722039222717 -0.02552761510014534 -0.0424547903239727 -0.00496686203405261 -0.02445846050977707 -0.9993749856948853 0.025515049695968628 0.0010871491394937038 -0.04307960346341133 -0.024445343762636185 -0.9987722635269165 0.0016360525041818619
0.9987573027610779 -0.023974036797881126 -0.04369347169995308 -0.004685550928115845 -0.022848809137940407 -0.9993988275527954 0.026072798296809196 0.0012771368492394686 -0.04429227486252785 -0.025042055174708366 -0.9987046718597412 0.001736520673148334
0.998695433139801 -0.02410321682691574 -0.04501690715551376 -0.0048730941489338875 -0.02295028418302536 -0.9993994235992432 0.025954727083444595 0.0012595512671396136 -0.04561547189950943 -0.02488771453499794 -0.9986487627029419 0.00177700724452734
0.9986254572868347 -0.024540863931179047 -0.04631386324763298 -0.005089529789984226 -0.023348242044448853 -0.9993859529495239 0.02611854486167431 0.00089262641267851 -0.046926405280828476 -0.025001296773552895 -0.9985852241516113 0.0022415004204958677
0.998550534248352 -0.024859197437763214 -0.04773697629570961 -0.005109033081680536 -0.023633025586605072 -0.9993802309036255 0.026080958545207977 0.0007240939303301275 -0.04835575446486473 -0.02491498738527298 -0.9985191822052002 0.00289350189268589
0.998458743095398 -0.02602234110236168 -0.0490201972424984 -0.005229281727224588 -0.02484375238418579 -0.9993911981582642 0.024500776082277298 0.00096941611263901 -0.04962791129946709 -0.02324516698718071 -0.9984973669052124 0.002240124624222517
0.9984033703804016 -0.025376157835125923 -0.05046600475907326 -0.005196389276534319 -0.024108635261654854 -0.9993820190429688 0.025568516924977303 0.0006777734961360693 -0.05108366534113884 -0.02431102655827999 -0.9983983039855957 0.0025562818627804518
0.9983301162719727 -0.025382697582244873 -0.05189171060919762 -0.005085202399641275 -0.02410728856921196 -0.9993953704833984 0.025058245286345482 0.0008644356275908649 -0.052496377378702164 -0.023765431717038155 -0.9983384609222412 0.0029199235141277313
0.9982601404190063 -0.025577964261174202 -0.05312645062804222 -0.005271479021757841 -0.024284740909934044 -0.9993962049484253 0.024847010150551796 0.0007576594362035394 -0.053729910403490067 -0.023513616994023323 -0.9982786178588867 0.0029887501150369644
0.9982081651687622 -0.025510191917419434 -0.054127104580402374 -0.005469687283039093 -0.024200938642024994 -0.9994015693664551 0.024707717821002007 0.0006308411830104887 -0.05472502112388611 -0.023353518918156624 -0.9982281923294067 0.0028422491159290075
0.9981861710548401 -0.023877223953604698 -0.055265363305807114 -0.0053662764839828014 -0.022588612511754036 -0.9994609355926514 0.023825274780392647 0.00021553585247602314 -0.05580445006489754 -0.022533690556883812 -0.9981875419616699 0.00271172565408051
0.9981305599212646 -0.023879559710621834 -0.05625956505537033 -0.0055425697937607765 -0.022540004923939705 -0.9994499683380127 0.024325767531991005 0.0005496286321431398 -0.05680950731039047 -0.023012200370430946 -0.9981198310852051 0.0022867547813802958
0.9981026649475098 -0.023057233542203903 -0.05709188058972359 -0.005893380846828222 -0.02168990671634674 -0.9994653463363647 0.024454595521092415 0.0001679012639215216 -0.05762523040175438 -0.023169877007603645 -0.998069167137146 0.0024176028091460466
0.9980672597885132 -0.02203775756061077 -0.058104272931814194 -0.005958270281553268 -0.020655540749430656 -0.9994914531707764 0.024282868951559067 7.750406803097576e-05 -0.05860987678170204 -0.02303576096892357 -0.9980149269104004 0.0028394940309226513
0.9980249404907227 -0.020886462181806564 -0.05924466624855995 -0.005822767503559589 -0.019497361034154892 -0.9995235204696655 0.023928869515657425 0.00016298977425321937 -0.059716228395700455 -0.022726494818925858 -0.9979566335678101 0.0034283173736184835
0.9979849457740784 -0.01938076689839363 -0.06041847541928291 -0.005954073276370764 -0.0179748572409153 -0.9995570182800293 0.02372688055038452 -0.00010215571091976017 -0.06085154786705971 -0.02259305864572525 -0.9978913068771362 0.0032987245358526707
0.9979556202888489 -0.018684282898902893 -0.06111810728907585 -0.006006653420627117 -0.017277374863624573 -0.9995752573013306 0.02346757985651493 6.523814954562113e-05 -0.06153062358498573 -0.02236364223062992 -0.9978545904159546 0.0035187865141779184
0.9979326128959656 -0.017650611698627472 -0.06179804727435112 -0.00642513670027256 -0.01622980833053589 -0.99959397315979 0.023418063297867775 -0.00017126818420365453 -0.06218630447983742 -0.022366678342223167 -0.9978138208389282 0.003189421258866787
0.9978963732719421 -0.01637367531657219 -0.0627278983592987 -0.006450782995671034 -0.014956098049879074 -0.9996234178543091 0.023002125322818756 -7.194386125775054e-05 -0.06308090686798096 -0.02201557159423828 -0.9977655410766602 0.0032435418106615543
0.9978505373001099 -0.015491423197090626 -0.06367400288581848 -0.006353165488690138 -0.014052857644855976 -0.999637246131897 0.022978780791163445 -0.0003962440532632172 -0.06400687992572784 -0.02203458733856678 -0.9977061748504639 0.0031910580582916737
0.9978180527687073 -0.014908667653799057 -0.06431807577610016 -0.006164039019495249 -0.013517659157514572 -0.9996664524078369 0.022008253261446953 -0.0002898038364946842 -0.06462472677230835 -0.021090803667902946 -0.9976867437362671 0.0038386366795748472
0.9977712035179138 -0.014242911711335182 -0.06519057601690292 -0.006614804267883301 -0.012803085148334503 -0.9996657371520996 0.022451158612966537 -0.0005663401097990572 -0.06548856943845749 -0.021566476672887802 -0.9976199865341187 0.003933783154934645
0.9977185726165771 -0.01409311592578888 -0.06602322310209274 -0.006549048237502575 -0.012660225853323936 -0.9996762275695801 0.022071195766329765 -0.0006419717683456838 -0.06631290167570114 -0.021184971556067467 -0.997573971748352 0.003785901702940464
0.9976869225502014 -0.013713542371988297 -0.06657922267913818 -0.006842790171504021 -0.01230679266154766 -0.9996932744979858 0.02149333618581295 -0.0005325608071871102 -0.06685355305671692 -0.020624244585633278 -0.9975496530532837 0.0035291616804897785
0.9976463317871094 -0.012829851359128952 -0.06735845655202866 -0.0067146895453333855 -0.011437453329563141 -0.9997138977050781 0.021016597747802734 -0.0005967902834527194 -0.06760881096124649 -0.02019672468304634 -0.9975075721740723 0.004013524390757084
0.9976592659950256 -0.012518986128270626 -0.06722535938024521 -0.007057533599436283 -0.01118470449000597 -0.9997338056564331 0.0201877411454916 -0.0006340548279695213 -0.06746018677949905 -0.01938859187066555 -0.9975337982177734 0.003619022900238633
0.9975892305374146 -0.011383249424397945 -0.06845533847808838 -0.006933237891644239 -0.01001762319356203 -0.9997446537017822 0.020259464159607887 -0.0008444067207165062 -0.06866846978664398 -0.019524862989783287 -0.9974485635757446 0.0041041299700737
0.997564971446991 -0.011168410070240498 -0.06884297728538513 -0.007212924305349588 -0.009819197468459606 -0.999753475189209 0.01990574412047863 -0.0009714979096315801 -0.06904833018779755 -0.01918129064142704 -0.9974287748336792 0.004543232265859842
0.9975217580795288 -0.011197065003216267 -0.06946228444576263 -0.007116836495697498 -0.009876797907054424 -0.9997646808624268 0.019321383908391 -0.0009541328181512654 -0.06966227293014526 -0.01858743466436863 -0.9973975419998169 0.004598821047693491
0.9974879026412964 -0.011107098311185837 -0.06996086984872818 -0.007215529214590788 -0.009811535477638245 -0.9997749328613281 0.018834898248314857 -0.0010176332434639335 -0.07015428692102432 -0.0181011613458395 -0.9973725080490112 0.004841390531510115
0.9975058436393738 -0.01020585373044014 -0.06984185427427292 -0.007570914924144745 -0.009016558527946472 -0.9998093843460083 0.017322536557912827 -0.0010657733073458076 -0.07000532001256943 -0.016649600118398666 -0.9974076747894287 0.004934906028211117
0.9974431395530701 -0.010723215527832508 -0.07065554708242416 -0.007359673734754324 -0.009531139396131039 -0.9998066425323486 0.01718725450336933 -0.0009729739977046847 -0.0708262100815773 -0.016469882801175117 -0.9973524808883667 0.00530665647238493
0.9974315762519836 -0.010322574526071548 -0.0708777904510498 -0.007616834715008736 -0.009169431403279305 -0.999820351600647 0.016575604677200317 -0.0010665105655789375 -0.07103617489337921 -0.015883121639490128 -0.9973469972610474 0.005194135941565037
0.997416079044342 -0.009854388423264027 -0.07116234302520752 -0.007773982360959053 -0.008746779523789883 -0.9998358488082886 0.015859410166740417 -0.0010602169204503298 -0.07130695879459381 -0.015195989981293678 -0.9973384141921997 0.005181725602596998
0.9974164366722107 -0.008944178931415081 -0.07127754390239716 -0.00783777330070734 -0.007896251045167446 -0.9998568296432495 0.014970322139561176 -0.0012028607307001948 -0.07140123844146729 -0.014368820004165173 -0.9973442554473877 0.005808251444250345
0.9974684715270996 -0.006318006198853254 -0.07082881033420563 -0.0077320970594882965 -0.005399325396865606 -0.9998989105224609 0.013154401443898678 -0.000963353319093585 -0.07090476155281067 -0.012738672085106373 -0.9974017143249512 0.005728744436055422
0.997449517250061 -0.006009073927998543 -0.0711224153637886 -0.008039180189371109 -0.0050958991050720215 -0.9999024868011475 0.01301396731287241 -0.0013012540293857455 -0.07119367271661758 -0.012618343345820904 -0.9973827600479126 0.006108157802373171
0.9974676370620728 -0.0045135668478906155 -0.0709780901670456 -0.008144798688590527 -0.003675388637930155 -0.9999217987060547 0.011935142800211906 -0.0012897520791739225 -0.07102642953395844 -0.011644046753644943 -0.9974062442779541 0.006336504593491554
0.9974934458732605 -0.0032534406054764986 -0.07068382203578949 -0.008507858961820602 -0.0024865141604095697 -0.9999372959136963 0.010935381054878235 -0.0013807436916977167 -0.07071495056152344 -0.010732214897871017 -0.9974391460418701 0.0062368493527174
0.9974929094314575 -0.0016284049488604069 -0.07074771821498871 -0.008282903581857681 -0.0009592138812877238 -0.9999545812606812 0.00949177984148264 -0.0014026681892573833 -0.07075995206832886 -0.009400120936334133 -0.9974491596221924 0.006170373875647783
0.9975273609161377 -0.0006576949381269515 -0.07027610391378403 -0.008672216907143593 -0.00017247912182938308 -0.999976396560669 0.006910267751663923 -0.0013218100648373365 -0.07027896493673325 -0.006881059613078833 -0.9975038766860962 0.0061982194893062115
0.9975231289863586 0.0005078322719782591 -0.07033713907003403 -0.008554424159228802 0.0009593140566721559 -0.9999791383743286 0.006385193672031164 -0.0013517180923372507 -0.07033243030309677 -0.006436854135245085 -0.9975028038024902 0.007176804356276989
