1.0 -0.0 -0.0 0.0001241459685843438 0.0 -1.0 -0.0 -1.785094099204798e-07 0.0 -0.0 -1.0 0.00015254314348567277
0.9999999403953552 -0.0002533884544391185 -0.00014736066805198789 0.00025381200248375535 -0.00025339730200357735 -1.0 -5.9975387557642534e-05 0.00012190747656859457 -0.00014734547585248947 6.0012727772118524e-05 -1.0 -0.00010348670912208036
0.9999996423721313 -0.0008415344636887312 -7.002008351264521e-05 6.700180165353231e-06 -0.0008415272459387779 -0.9999992847442627 0.00010239845141768456 3.6320176150184125e-05 -7.010623085079715e-05 -0.00010233948705717921 -0.9999996423721313 6.782158015994355e-05
0.9999983310699463 -0.0017687747022137046 -0.0004708557389676571 0.0004214665968902409 -0.0017684969352558255 -0.9999984502792358 0.0005896998336538672 1.2910686564282514e-05 -0.0004718979471363127 -0.0005888661835342646 -1.0 0.0007120323134586215
0.9999953508377075 -0.002985679544508457 -0.0005700848996639252 0.00035121021210215986 -0.0029851477593183517 -0.9999951124191284 0.0009317889926023781 0.00018971542885992676 -0.0005728640826418996 -0.0009300829260610044 -0.9999994039535522 0.001839467091485858
0.999998927116394 -0.0009989743120968342 -0.001061846618540585 0.00021169726096559316 -0.0009930331725627184 -0.9999839067459106 0.005581075791269541 7.559874211438e-05 -0.0010674049844965339 -0.005580015014857054 -0.9999837875366211 0.00036433388595469296
0.999984622001648 -0.0054369717836380005 -0.0010735437972471118 0.0007025693776085973 -0.005435122177004814 -0.9999839067459106 0.0017184959724545479 0.0004428034008014947 -0.0010828698286786675 -0.0017126346938312054 -0.9999980926513672 0.003858729265630245
0.9999803900718689 -0.006184896919876337 -0.0010029800469055772 0.00037690685712732375 -0.006182175595313311 -0.9999771118164062 0.0026938149239867926 0.00047228054609149694 -0.0010196181247010827 -0.002687561558559537 -0.9999957084655762 0.004251477774232626
0.9999747276306152 -0.007059882860630751 -0.0008150661597028375 -0.0001270940265385434 -0.007056872826069593 -0.9999681711196899 0.0036389250308275223 0.000546588737051934 -0.0008407308487221599 -0.0036330814473330975 -0.9999927282333374 0.004444893915206194
0.9999696016311646 -0.0077018942683935165 -0.0011922357371076941 0.00023803421936463565 -0.007697232998907566 -0.9999630451202393 0.0038659481797367334 0.0004119870427530259 -0.0012219665804877877 -0.0038566540461033583 -0.9999920129776001 0.003815216477960348
0.9999973177909851 -0.0015724367694929242 -0.0016926119569689035 -0.0002783195814117789 -0.0015594259602949023 -0.9999697208404541 0.007660836447030306 0.0002966698375530541 -0.0017046064604073763 -0.007658176589757204 -0.999969482421875 -0.0002891423355322331
0.9999687075614929 -0.007778344675898552 -0.0014435314806178212 -9.779395622899756e-05 -0.007770959287881851 -0.9999570846557617 0.0050530992448329926 0.0004607943701557815 -0.0014827741542831063 -0.0050417231395840645 -0.9999862909317017 0.0009159429464489222
0.9999681115150452 -0.007796935737133026 -0.001728147268295288 -7.630806067027152e-05 -0.007787458598613739 -0.9999549388885498 0.005424481816589832 0.0007121325470507145 -0.001770363887771964 -0.00541085097938776 -0.9999837875366211 -0.00024379603564739227
0.99996417760849 -0.00809966865926981 -0.0024469762574881315 -0.00030251365387812257 -0.008083886466920376 -0.9999467134475708 0.006392043549567461 0.00042222850606776774 -0.002498619956895709 -0.0063720340840518475 -0.999976396560669 -0.0007933855522423983
0.9999606609344482 -0.008149945177137852 -0.003504449035972357 -8.507333404850215e-05 -0.00812568236142397 -0.9999430179595947 0.006882764864712954 0.0006869088392704725 -0.0035603446885943413 -0.006854017730802298 -0.9999699592590332 -0.0007577396463602781
0.9999834299087524 -0.002723175100982189 -0.005072882864624262 -0.00018841969722416252 -0.0026469058357179165 -0.9998844861984253 0.014981199987232685 0.0009346046135760844 -0.0051130917854607105 -0.014967524446547031 -0.9998750686645508 -0.0005026496946811676
0.9999619722366333 -0.006875008810311556 -0.005364630371332169 -0.00018344310228712857 -0.0068299132399261 -0.9999414682388306 0.008379553444683552 0.0007575280033051968 -0.005421926267445087 -0.008342594839632511 -0.9999504089355469 0.0012730717426165938
0.9999606609344482 -0.006277615204453468 -0.0062652952037751675 -0.0004952496965415776 -0.006219212897121906 -0.9999374151229858 0.009297889657318592 0.0006542633636854589 -0.00632327189669013 -0.009258558042347431 -0.9999371767044067 0.0020464567933231592
0.9999566078186035 -0.005302957259118557 -0.007661805953830481 -0.00039752613520249724 -0.005227894522249699 -0.9999387264251709 0.009784085676074028 0.0009087268845178187 -0.0077132186852395535 -0.00974360667169094 -0.9999229907989502 0.0020166526082903147
0.9999504089355469 -0.004515278618782759 -0.008877763524651527 -0.0005771622527390718 -0.004421476740390062 -0.9999344348907471 0.01055733859539032 0.0008776950999163091 -0.008924851194024086 -0.010517561808228493 -0.9999048709869385 0.0017322307685390115
0.9999735355377197 0.0025047080125659704 -0.006826600059866905 -0.00025233355700038373 0.0026203992310911417 -0.999852180480957 0.016991175711154938 0.0007070195861160755 -0.006783032789826393 -0.017008613795042038 -0.9998323917388916 -0.000938570941798389
0.9999446272850037 -0.0019385539926588535 -0.010340707376599312 -0.0005819167708978057 -0.001803835155442357 -0.9999139308929443 0.013021462596952915 0.0008485921425744891 -0.010365055873990059 -0.013002089224755764 -0.9998620748519897 0.001511107780970633
0.9999438524246216 -0.0002930553746409714 -0.010593528859317303 -0.0003679051296785474 -0.00014179850404616445 -0.9998980760574341 0.014276168309152126 0.0008375117322430015 -0.010596632026135921 -0.014273864217102528 -0.9998420476913452 0.0016448517562821507
0.99994295835495 0.001597386202774942 -0.010559432208538055 -0.000604256521910429 0.0017568602925166488 -0.9998843669891357 0.015110543929040432 0.000778164598159492 -0.010534072294831276 -0.015128233470022678 -0.9998301267623901 0.0013032740680500865
0.9999377727508545 0.003467119997367263 -0.01060410961508751 -0.0003091126854997128 0.003634493565186858 -0.9998685121536255 0.015805497765541077 0.0008458254742436111 -0.01054791547358036 -0.01584305614233017 -0.9998189210891724 0.0009876484982669353
0.9999358654022217 0.005998904816806316 -0.009604881517589092 -0.0006215363391675055 0.006145337596535683 -0.9998642206192017 0.015289392322301865 0.000747982005123049 -0.0095118572935462 -0.015347437933087349 -0.9998370409011841 0.00017341302009299397
0.9999233484268188 0.007534638047218323 -0.009822865948081017 -0.0003519458114169538 0.007693201303482056 -0.9998393058776855 0.01620565727353096 0.0009074120316654444 -0.009699180722236633 -0.016279984265565872 -0.9998205900192261 0.0016085117822512984
0.999914824962616 0.009078659117221832 -0.009378927759826183 -0.0005438968073576689 0.009235644713044167 -0.999815821647644 0.016832618042826653 0.0008033839403651655 -0.009224382229149342 -0.01691780425608158 -0.999814510345459 0.0012583319330587983
0.9999063611030579 0.010260957293212414 -0.009057318791747093 -0.00032839219784364104 0.010417976416647434 -0.9997931718826294 0.017462661489844322 0.0007100572693161666 -0.008876262232661247 -0.01755538396537304 -0.9998064041137695 0.001003836514428258
0.999904990196228 0.010890718549489975 -0.008447693660855293 -0.00037691809120588005 0.011043008416891098 -0.9997735023498535 0.01819528639316559 0.0007455127197317779 -0.0082476194947958 -0.018286846578121185 -0.9997988939285278 0.0012811841443181038
0.9998871088027954 0.012313812039792538 -0.008611844852566719 -0.00034373110975138843 0.012449397705495358 -0.9997966289520264 0.015871725976467133 0.0004910595598630607 -0.008414650335907936 -0.015977147966623306 -0.9998370409011841 0.0007254421943798661
0.9998903274536133 0.013067612424492836 -0.006970948539674282 -3.353711144882254e-05 0.013191577047109604 -0.9997502565383911 0.01804368942975998 0.000538088264875114 -0.006733419373631477 -0.01813366636633873 -0.9998129606246948 0.0018349947640672326
0.9998707175254822 0.014718630351126194 -0.00646987883374095 1.1867207831528503e-05 0.014827248640358448 -0.9997440576553345 0.01707369089126587 0.000417967326939106 -0.006216923240572214 -0.017167415469884872 -0.9998331069946289 0.001427499926649034
0.9998483657836914 0.016463708132505417 -0.005675813648849726 1.8426064343657345e-05 0.01655253767967224 -0.9997353553771973 0.015976015478372574 0.0001642163988435641 -0.0054112873040139675 -0.016067542135715485 -0.9998562335968018 0.0011663201730698347
0.9998136162757874 0.018625672906637192 -0.005078933667391539 0.00022284185979515314 0.018701553344726562 -0.9997074604034424 0.015326233580708504 2.7039914130000398e-05 -0.004791987594217062 -0.015418361872434616 -0.9998694658279419 0.00085289659909904
0.999840259552002 0.017613934352993965 -0.0030264854431152344 -0.0003207963309250772 0.017646873369812965 -0.9997810125350952 0.011224866844713688 2.4029503038036637e-05 -0.0028281095437705517 -0.011276482604444027 -0.9999321699142456 -0.00014783946971874684
0.9997090101242065 0.023967361077666283 -0.002722189063206315 0.0001480673672631383 0.02400471456348896 -0.9996048212051392 0.014637194573879242 -0.0003601126081775874 -0.0023702981416136026 -0.01469828188419342 -0.9998893737792969 -4.1944287659134716e-05
0.9996317028999329 0.02711152285337448 -0.0011964086443185806 0.00044291766243986785 0.02712564542889595 -0.9995336532592773 0.014019977301359177 -0.00011907474981853738 -0.0008157477714121342 -0.01404726691544056 -0.9999009370803833 -5.669406846209313e-07
0.9995522499084473 0.02991422265768051 0.000690009503159672 0.000785123324021697 0.029901746660470963 -0.9994558095932007 0.013905896805226803 -0.00031839509028941393 0.0011056183138862252 -0.013879037462174892 -0.9999028444290161 -0.0001923197414726019
0.9994575381278992 0.03282845392823219 0.0026392671279609203 0.001326829195022583 0.03278997913002968 -0.9993711709976196 0.013496190309524536 -0.0001752598473103717 0.0030806665308773518 -0.01340232789516449 -0.9999055862426758 -0.0005816004704684019
0.9993453025817871 0.03445107489824295 0.011048792861402035 0.0024113620165735483 0.03433747589588165 -0.9993569850921631 0.010311305522918701 -0.0006774944486096501 0.011396924965083599 -0.009925168007612228 -0.9998857975006104 0.0017807098338380456
0.9992650151252747 0.037726953625679016 0.006792102940380573 0.0012833483051508665 0.03762514889240265 -0.9991861581802368 0.014539667405188084 -0.0005759052583016455 0.007335112430155277 -0.014273426495492458 -0.9998713731765747 0.0002491141203790903
0.9991577863693237 0.04008181020617485 0.00878511555492878 0.0011875578202307224 0.039946090430021286 -0.9990876913070679 0.015115444548428059 -0.0008836308843456209 0.009382953867316246 -0.014751783572137356 -0.999847412109375 0.0006613104487769306
0.9990291595458984 0.0428038090467453 0.010417495854198933 0.0016425378853455186 0.0426449179649353 -0.998977541923523 0.015024079009890556 -0.0005469776806421578 0.011049929074943066 -0.01456524059176445 -0.9998331069946289 0.0015620291233062744
0.9988992810249329 0.045284464955329895 0.012227191589772701 0.0018811577465385199 0.0450957790017128 -0.9988657236099243 0.01528992597013712 -0.0005760037456639111 0.012905717827379704 -0.014721701852977276 -0.9998084306716919 0.002146210754290223
0.9985346794128418 0.049755241721868515 0.021280495449900627 0.0029754212591797113 0.04948382452130318 -0.998688817024231 0.013096466660499573 -0.0010330937802791595 0.021904217079281807 -0.012024236842989922 -0.9996875524520874 0.00034871892421506345
0.9986266493797302 0.05006075277924538 0.015452449209988117 0.002332081086933613 0.049830276519060135 -0.9986459016799927 0.01495632529258728 -0.0011721770279109478 0.01618024706840515 -0.014165785163640976 -0.999768853187561 0.0008007547003217041
0.9984883666038513 0.052231062203645706 0.017115937545895576 0.0022640926763415337 0.05198376253247261 -0.9985411167144775 0.014588458463549614 -0.0015173046849668026 0.017852941527962685 -0.013676654547452927 -0.9997467994689941 0.00031781254801899195
0.9983315467834473 0.05443907529115677 0.01924959383904934 0.002095505828037858 0.05417566001415253 -0.9984337091445923 0.0139511339366436 -0.0013471364509314299 0.01997893489897251 -0.012884996831417084 -0.999717116355896 0.000116491544758901
0.9981932640075684 0.05628431960940361 0.021031610667705536 0.002482714131474495 0.05600037798285484 -0.998334527015686 0.013854826800525188 -0.0014810222201049328 0.021776393055915833 -0.012652016244828701 -0.9996826648712158 0.00019187889120075852
0.9982330203056335 0.05394748970866203 0.024909691885113716 0.0033073648810386658 0.053525250405073166 -0.9984161853790283 0.017317738384008408 -0.0008857441716827452 0.025804491713643074 -0.01595383882522583 -0.9995394945144653 0.0002994512324221432
0.9979967474937439 0.05849897488951683 0.02409113012254238 0.002796968910843134 0.05813780054450035 -0.9981893301010132 0.015429633669555187 -0.0015513596590608358 0.024950126186013222 -0.013998118229210377 -0.9995906352996826 0.0005948535399511456
0.9979168772697449 0.05927734076976776 0.02545711025595665 0.002864858601242304 0.05888856202363968 -0.9981399774551392 0.01576000452041626 -0.0013007125817239285 0.026343975216150284 -0.014228042215108871 -0.9995514154434204 0.001025209086947143
0.9978674650192261 0.05966154485940933 0.026477739214897156 0.00286171049810946 0.05926370620727539 -0.9981211423873901 0.01556461676955223 -0.0014063462149351835 0.027356598526239395 -0.013962255790829659 -0.9995284080505371 0.0008681141771376133
0.9978604912757874 0.059531066566705704 0.027027256786823273 0.0028049189131706953 0.05913357064127922 -0.9981331825256348 0.01527626346796751 -0.0011857111239805818 0.02788621559739113 -0.013645361177623272 -0.9995179176330566 -8.083813554549124e-06
0.998252809047699 0.0524291917681694 0.027248436585068703 0.0028585833497345448 0.051836706697940826 -0.9984130859375 0.022013822570443153 -0.0008063020068220794 0.02835935913026333 -0.02056289277970791 -0.9993864297866821 -0.00032267390633933246
0.9979689121246338 0.05763382464647293 0.02713588997721672 0.0030068885535001755 0.05719759315252304 -0.9982250928878784 0.01658722572028637 -0.0008858705405145884 0.028043709695339203 -0.015001429244875908 -0.999494194984436 -0.0015260885702446103
0.9980770349502563 0.05592205375432968 0.02673930674791336 0.0033831277396529913 0.055463433265686035 -0.9983057975769043 0.017596594989299774 -0.0009573943098075688 0.02767803892493248 -0.016079701483249664 -0.9994876384735107 -0.0011603193124756217
0.9981897473335266 0.05395805090665817 0.02656613662838936 0.0033663837239146233 0.053472742438316345 -0.9983950853347778 0.018651843070983887 -0.0007778095314279199 0.027529917657375336 -0.017197515815496445 -0.999472975730896 -0.0010358934523537755
0.9983331561088562 0.05140197277069092 0.02624444290995598 0.0028835737612098455 0.050904400646686554 -0.9985173940658569 0.019288234412670135 -0.0007145516574382782 0.027196981012821198 -0.017920125275850296 -0.999469518661499 -0.0015362583799287677
0.9988850355148315 0.039457205682992935 0.025918684899806976 0.003341212635859847 0.03898358717560768 -0.9990679025650024 0.01853126473724842 -0.0004774948756676167 0.026625722646713257 -0.017500201240181923 -0.9994920492172241 -0.00028696865774691105
0.9986993074417114 0.04457995668053627 0.024744141846895218 0.003160964697599411 0.0440799780189991 -0.9988197088241577 0.020396744832396507 -0.0005367344128899276 0.025624223053455353 -0.019279493018984795 -0.9994856119155884 -0.0004238778492435813
0.9988738298416138 0.040824711322784424 0.02417534589767456 0.0032623326405882835 0.040327608585357666 -0.9989718198776245 0.020704858005046844 -0.0004731274675577879 0.02499576285481453 -0.0197066068649292 -0.9994931221008301 0.00025083054788410664
0.9990416169166565 0.03677597641944885 0.02373507060110569 0.003040237119421363 0.03627776354551315 -0.9991190433502197 0.021090473979711533 -0.0003658912028186023 0.024489788338541985 -0.02020920440554619 -0.9994956254959106 0.0008594194077886641
0.9991916418075562 0.03285194933414459 0.023169588297605515 0.0028593773022294044 0.03235403448343277 -0.999244213104248 0.021547239273786545 -0.00034557495382614434 0.023859944194555283 -0.02078019082546234 -0.9994993209838867 0.0012718173675239086
0.9992552399635315 0.03035244531929493 0.023825714364647865 0.0034592312294989824 0.02997131086885929 -0.9994195699691772 0.016194185242056847 -0.0005432720645330846 0.024303419515490532 -0.015468036755919456 -0.9995850324630737 -0.00029795183218084276
0.9994408488273621 0.025654898956418037 0.021443260833621025 0.0034676101058721542 0.025206631049513817 -0.9994634389877319 0.020920144394040108 -0.00032379530603066087 0.021968455985188484 -0.020367933437228203 -0.9995512962341309 0.0006708825239911675
0.9995281100273132 0.022423043847084045 0.020994940772652626 0.0031018476001918316 0.022000305354595184 -0.9995547533035278 0.020154204219579697 -0.00023282141773961484 0.0214375127106905 -0.01968279853463173 -0.9995763301849365 0.0009090948733501136
0.9995990991592407 0.019744940102100372 0.020291078835725784 0.0030446394812315702 0.01936916634440422 -0.9996401071548462 0.01855168677866459 -0.00011297011951683089 0.02065008133649826 -0.01815122924745083 -0.9996218681335449 0.00032648901105858386
0.9996609091758728 0.017194053158164024 0.019557328894734383 0.0031853944528847933 0.01686248742043972 -0.9997134208679199 0.01699400320649147 -0.00018646805256139487 0.019843919202685356 -0.01665845513343811 -0.9996644258499146 -6.391674105543643e-05
0.9995212554931641 0.02367870882153511 0.019915664568543434 0.003055828856304288 0.02348152920603752 -0.99967360496521 0.010076969861984253 -0.0008153144735842943 0.020147772505879402 -0.009604495018720627 -0.9997509717941284 -0.00020863383542746305
0.9997262358665466 0.01347553264349699 0.019126523286104202 0.003311421722173691 0.013253374956548214 -0.9998438358306885 0.011694801971316338 -0.0003728927404154092 0.01928113028407097 -0.01143810898065567 -0.999748706817627 9.810067422222346e-05
0.9997393488883972 0.012249014340341091 0.019267333671450615 0.0029590418562293053 0.01208657305687666 -0.9998908042907715 0.008524884469807148 -0.0006403874140232801 0.01936964876949787 -0.008289786987006664 -0.999778151512146 0.00023285482893697917
0.9997497200965881 0.011581873521208763 0.019139550626277924 0.002820331137627363 0.011496005579829216 -0.9999231100082397 0.00459032878279686 -0.0009462274610996246 0.019191250205039978 -0.004369151778519154 -0.9998060464859009 -0.0004570133751258254
0.999759316444397 0.011038878001272678 0.018959539011120796 0.0028160703368484974 0.011032157577574253 -0.9999392032623291 0.00045905722072348 -0.001058513531461358 0.01896345056593418 -0.0002497821697033942 -0.999820351600647 -0.0009530214592814445
0.9996028542518616 0.019839907065033913 0.020012056455016136 0.0031560875941067934 0.01987544260919094 -0.9998013973236084 -0.0015783465933054686 -0.000849637552164495 0.019976763054728508 0.0019754681270569563 -0.9997986555099487 -0.0003945982316508889
0.9997358918190002 0.01186397299170494 0.019682299345731735 0.0029367278330028057 0.011995706707239151 -0.999906063079834 -0.006588475313037634 -0.001080369227565825 0.01960229128599167 0.006822837982326746 -0.9997843503952026 -0.0007305428152903914
0.9997156262397766 0.012981832027435303 0.0200037881731987 0.0032220364082604647 0.013170622289180756 -0.9998695850372314 -0.009335103444755077 -0.001105257892049849 0.019879993051290512 0.009595911018550396 -0.9997562170028687 -0.00032411908614449203
0.9996914267539978 0.014225552789866924 0.020364822819828987 0.003338464070111513 0.014470224268734455 -0.9998241662979126 -0.011917880736291409 -0.0009694428881630301 0.020191704854369164 0.012208887375891209 -0.9997215270996094 -0.00010012739221565425
0.9996662139892578 0.01597088761627674 0.02030743844807148 0.00296534295193851 0.01625632308423519 -0.9997702836990356 -0.013969223946332932 -0.001062995521351695 0.02007967047393322 0.014294685795903206 -0.9996961355209351 -0.0005324509111233056
0.9995601177215576 0.023048482835292816 0.018663501366972923 0.0035437524784356356 0.023265201598405838 -0.9996633529663086 -0.011479164473712444 -0.0006096689030528069 0.018392642959952354 0.011908325366675854 -0.9997599124908447 -0.0004403778293635696
0.999614417552948 0.020552147179841995 0.018673036247491837 0.003641944145783782 0.02089601382613182 -0.9996119737625122 -0.018410492688417435 -0.0009482669993303716 0.01828741654753685 0.018793586641550064 -0.9996559619903564 -0.0009004065650515258
0.9995685815811157 0.023223640397191048 0.017982276156544685 0.0033738778438419104 0.02360815368592739 -0.9994906187057495 -0.021474318578839302 -0.0004123755788896233 0.017474403604865074 0.02188958041369915 -0.9996076822280884 -0.0015571161638945341
0.9995225667953491 0.02594730071723461 0.01677366904914379 0.003823670791462064 0.026343418285250664 -0.9993683099746704 -0.0238423403352499 -0.000703262398019433 0.016144433990120888 0.02427283488214016 -0.9995747804641724 -0.0014948591124266386
0.9994697570800781 0.028615832328796387 0.01553440187126398 0.003730019787326455 0.02902478724718094 -0.9992198944091797 -0.026771558448672295 -0.0004906205576844513 0.014756196178495884 0.027208244428038597 -0.9995205402374268 -0.001398807275108993
0.9993643760681152 0.03434597700834274 0.009548308327794075 0.0038310722447931767 0.034627512097358704 -0.9989168643951416 -0.031075840815901756 -0.0005031047039665282 0.00847063772380352 0.03138672187924385 -0.9994711875915527 -0.0008175974362529814
0.9993306994438171 0.034517403692007065 0.01211411040276289 0.004025343805551529 0.0349140502512455 -0.9988043308258057 -0.03422068804502487 -0.0004363616753835231 0.010918415151536465 0.0346207395195961 -0.9993410110473633 -0.0013061746722087264
0.9992372989654541 0.037554848939180374 0.010699361562728882 0.0035327509976923466 0.03794640675187111 -0.9985144138336182 -0.0391060933470726 -0.0005101800197735429 0.009214842692017555 0.03948226571083069 -0.9991779327392578 -0.0014316885499283671
0.9991521835327148 0.040200650691986084 0.008876914158463478 0.0036588951479643583 0.04055861383676529 -0.998176097869873 -0.04471013322472572 -0.00046078002196736634 0.0070633492432534695 0.04503226652741432 -0.9989603757858276 -0.000977052841335535
0.999068021774292 0.042565278708934784 0.0071587227284908295 0.003420827677473426 0.0428752526640892 -0.9977833032608032 -0.05090080574154854 -0.00018601404735818505 0.004976244643330574 0.0511603020131588 -0.9986783266067505 -0.001062321593053639
0.9990772008895874 0.04277757555246353 0.003856855910271406 0.003969943150877953 0.042939044535160065 -0.9968885183334351 -0.06610255688428879 -0.00027047863113693893 0.0010171484900638461 0.0662071630358696 -0.9978054761886597 -0.0010399202583357692
0.9989271759986877 0.0462043322622776 0.0031041312031447887 0.003294561989605427 0.046308476477861404 -0.9967300891876221 -0.06621327996253967 -0.00030659782350994647 3.464065957814455e-05 0.06628599762916565 -0.9978004693984985 -0.001272254274226725
0.9988606572151184 0.04770388454198837 0.0013324954779818654 0.002947855042293668 0.04767037183046341 -0.9960763454437256 -0.0745643898844719 -0.0004085817781742662 -0.0022297436371445656 0.07454294711351395 -0.9972156286239624 -0.001258527860045433
0.998781144618988 0.04935567453503609 -0.0005438018124550581 0.0027106362394988537 0.04913979396224022 -0.9953281879425049 -0.08310908079147339 -0.0006319826934486628 -0.004643166437745094 0.08298106491565704 -0.9965403079986572 -0.0011692701373249292
0.9987180829048157 0.05053115263581276 -0.0029709143564105034 0.0020292536355555058 0.0500401072204113 -0.9944525957107544 -0.09252160042524338 -0.0007055291207507253 -0.007629656232893467 0.09225433319807053 -0.99570631980896 -0.0009057264542207122
0.9989342093467712 0.045981165021657944 -0.0040280697867274284 0.0031877118162810802 0.045276861637830734 -0.9931057691574097 -0.10812694579362869 -0.0005492385826073587 -0.008972099982202053 0.10782932490110397 -0.9941293001174927 -0.0008997249533422291
0.9986350536346436 0.05147804692387581 -0.00883124303072691 0.0018885739846155047 0.05015619471669197 -0.9923480749130249 -0.11282659322023392 -0.0008347396505996585 -0.014571758918464184 0.11222965270280838 -0.9935755729675293 0.00011073607311118394
0.9985983371734619 0.0516604408621788 -0.011510987766087055 0.0013417190639302135 0.04985731095075607 -0.9911525249481201 -0.12300808727741241 -0.0008290947298519313 -0.01776379533112049 0.12226176261901855 -0.9923388957977295 0.0005387907149270177
0.998559832572937 0.0516834519803524 -0.014391138218343258 0.000957536103669554 0.04931977763772011 -0.9899004697799683 -0.13290934264659882 -0.0010905553353950381 -0.021115005016326904 0.1320081502199173 -0.9910237789154053 0.0006764628342352808
0.9985151886940002 0.05159657821059227 -0.01746867410838604 0.0008446908323094249 0.04857657477259636 -0.9885166883468628 -0.14309170842170715 -0.0010525333927944303 -0.024651115760207176 0.14203068614006042 -0.9895553588867188 0.0010931477881968021
0.9986923336982727 0.048066623508930206 -0.017413031309843063 0.0019940990023314953 0.044780246913433075 -0.9867972135543823 -0.15564851462841034 -0.0005370813305489719 -0.02466462552547455 0.15466521680355072 -0.9876593351364136 -0.0005315515445545316
0.9984445571899414 0.05055905878543854 -0.023500021547079086 0.00030406011501327157 0.04609204828739166 -0.9856652021408081 -0.16229550540447235 -0.0009571801638230681 -0.03136866167187691 0.16095991432666779 -0.9864624738693237 0.0015588866081088781
0.9983917474746704 0.05014185607433319 -0.026451783254742622 -6.516870053019375e-05 0.04487390071153641 -0.9841146469116211 -0.17176927626132965 -0.0010057060280814767 -0.034644417464733124 0.1703060418367386 -0.9847818613052368 0.00189220963511616
0.9983274340629578 0.05002209544181824 -0.02898554317653179 -0.0006119192112237215 0.04399086534976959 -0.9825805425643921 -0.18055425584316254 -0.0011028960580006242 -0.037512339651584625 0.17897717654705048 -0.9831376075744629 0.0023013160098344088
0.9982611536979675 0.04957335442304611 -0.03189239650964737 -0.0005041963304392993 0.0426950678229332 -0.9811164140701294 -0.18864698708057404 -0.0012901895679533482 -0.040642015635967255 0.18695731461048126 -0.9815269708633423 0.003068966558203101
0.998165488243103 0.049678247421979904 -0.03460846468806267 -0.0014881144743412733 0.04221002385020256 -0.9807888269424438 -0.19045250117778778 -0.001266283681616187 -0.04340493306517601 0.18864227831363678 -0.9810864925384521 0.00012930750381201506
0.9981284141540527 0.0492541678249836 -0.03624505177140236 -0.00137806695420295 0.040888380259275436 -0.9782488346099854 -0.20336507260799408 -0.0011398388305678964 -0.045473258942365646 0.2015024572610855 -0.9784319400787354 0.003735873382538557
0.9980713725090027 0.04892865940928459 -0.038203153759241104 -0.0017087357118725777 0.03984755650162697 -0.9768691062927246 -0.21009238064289093 -0.0012048231437802315 -0.04759902134537697 0.20816488564014435 -0.9769346714019775 0.003918192349374294
0.9980112910270691 0.048944372683763504 -0.039722807705402374 -0.0018887844635173678 0.03923574462532997 -0.9755499362945557 -0.2162475883960724 -0.0012942594476044178 -0.04933568090200424 0.21425896883010864 -0.9755302667617798 0.004568136762827635
0.9979521632194519 0.04930894821882248 -0.04074453189969063 -0.002378967823460698 0.03908940404653549 -0.974327564239502 -0.22171591222286224 -0.0013319214340299368 -0.050631094723939896 0.21966920793056488 -0.9742597341537476 0.004576507490128279
0.9978680610656738 0.054955292493104935 -0.0352029949426651 -0.0021242094226181507 0.04625068977475166 -0.9760323762893677 -0.2126539945602417 -0.0010943670058622956 -0.04604572057723999 0.2105724811553955 -0.976493239402771 0.0006420534336939454
0.997837245464325 0.051608964800834656 -0.04071032628417015 -0.002571861259639263 0.040908947587013245 -0.9723433256149292 -0.22994554042816162 -0.001490280730649829 -0.0514516644179821 0.22778281569480896 -0.9723516702651978 0.002820526482537389
0.9977777600288391 0.05337616801261902 -0.0398816280066967 -0.002430329332128167 0.042659297585487366 -0.9715396165847778 -0.23300375044345856 -0.0014840684598311782 -0.05118343606591225 0.23078463971614838 -0.9716575145721436 0.0015268306015059352
0.9977124929428101 0.0555863194167614 -0.03847045078873634 -0.0029583261348307133 0.045018743723630905 -0.9708807468414307 -0.23529547452926636 -0.0016660018591210246 -0.05042942985892296 0.23302534222602844 -0.9711621999740601 -0.0005538494442589581
0.9976806044578552 0.0573534294962883 -0.0366605706512928 -0.004218888469040394 0.04708327353000641 -0.9704102277755737 -0.2368284910917282 -0.0025152734015136957 -0.04915870353579521 0.23455308377742767 -0.9708597660064697 -0.003396134590730071
0.997797966003418 0.0516660176217556 -0.04159080609679222 -0.004365714266896248 0.04095788672566414 -0.9731899499893188 -0.22632752358913422 -0.003817076561972499 -0.052169185131788254 0.2241256684064865 -0.9731631278991699 -0.012467185966670513
0.9976254105567932 0.05953456833958626 -0.03462887182831764 -0.00503390422090888 0.04959617182612419 -0.9698567390441895 -0.23857542872428894 -0.004502247553318739 -0.047788526862859726 0.23629143834114075 -0.9705064296722412 -0.009685888886451721
0.9976464509963989 0.0597730427980423 -0.03359721973538399 -0.004846716765314341 0.0500652939081192 -0.9697974920272827 -0.2387184351682663 -0.004743503872305155 -0.046851422637701035 0.23647452890872955 -0.9705075025558472 -0.011777822859585285
0.9977127313613892 0.059440240263938904 -0.03218988701701164 -0.004460892174392939 0.050098419189453125 -0.9699180126190186 -0.2382214367389679 -0.004765658173710108 -0.04538148269057274 0.2360638976097107 -0.9706774950027466 -0.013211250305175781
0.997784435749054 0.058675363659858704 -0.03135911002755165 -0.003443456022068858 0.04954203963279724 -0.9698967933654785 -0.23842400312423706 -0.0046819099225103855 -0.044404711574316025 0.2363421618938446 -0.9706548452377319 -0.013854291290044785
0.9980503916740417 0.05338190868496895 -0.03233851492404938 -0.004486859310418367 0.044744763523340225 -0.9732035398483276 -0.22554954886436462 -0.003984058741480112 -0.04351222515106201 0.2236628234386444 -0.9736946821212769 -0.01194567047059536
0.9979518055915833 0.056294385343790054 -0.03038320690393448 -0.0030665681697428226 0.04746077582240105 -0.9700119495391846 -0.23837749660015106 -0.004189315717667341 -0.04289139807224274 0.23644722998142242 -0.9706969261169434 -0.01341148279607296
0.9980531930923462 0.05484815314412117 -0.029690677300095558 -0.0031789676286280155 0.046218711882829666 -0.9700702428817749 -0.23838549852371216 -0.0039292313158512115 -0.04187704622745514 0.23654913902282715 -0.9707167148590088 -0.012951537035405636
0.9981716871261597 0.05284671485424042 -0.02933461405336857 -0.003022863296791911 0.04438721388578415 -0.9703266620635986 -0.2376890331506729 -0.0042838603258132935 -0.04102523997426033 0.23595239222049713 -0.9708983898162842 -0.011777306906878948
0.998264491558075 0.051366809755563736 -0.028800606727600098 -0.0034824588801711798 0.04308197274804115 -0.9704281091690063 -0.23751527070999146 -0.003861060831695795 -0.04014931619167328 0.23586228489875793 -0.9709569215774536 -0.011265527456998825
0.998520016670227 0.044626109302043915 -0.031085221096873283 -0.004043112508952618 0.0364828035235405 -0.9735172986984253 -0.22568491101264954 -0.004220017697662115 -0.040333427488803864 0.22421681880950928 -0.9737045764923096 -0.011543541215360165
0.9984769225120544 0.047436684370040894 -0.028170306235551834 -0.004212408792227507 0.03945573419332504 -0.9708607196807861 -0.23637527227401733 -0.0038859315682202578 -0.03856229409575462 0.23490378260612488 -0.9712536334991455 -0.008995700627565384
0.9985787868499756 0.0453299917280674 -0.028028136119246483 -0.00450877845287323 0.0374612994492054 -0.9710670709609985 -0.23584920167922974 -0.003877304494380951 -0.03790825232863426 0.23446404933929443 -0.97138512134552 -0.007694766856729984
0.9986779093742371 0.0427386537194252 -0.02856258861720562 -0.00484400475397706 0.034840285778045654 -0.9713171720504761 -0.23522232472896576 -0.004318729043006897 -0.03779641166329384 0.23391620814800262 -0.9715219736099243 -0.00728274742141366
0.9987701177597046 0.0398230105638504 -0.029537059366703033 -0.005076301284134388 0.03177938610315323 -0.9714412689208984 -0.23514233529567719 -0.004199010320007801 -0.0380575954914093 0.23391444981098175 -0.9715120792388916 -0.0074547952972352505
0.9987188577651978 0.03804800659418106 -0.03336109220981598 -0.004580528941005468 0.029719451442360878 -0.9746272563934326 -0.22185257077217102 -0.003970937803387642 -0.04095567762851715 0.22057688236236572 -0.9745094776153564 -0.012697233818471432
0.9988997578620911 0.03371250256896019 -0.03259938210248947 -0.004603259265422821 0.025207139551639557 -0.9721584320068359 -0.23296427726745605 -0.004330873489379883 -0.03954558074474335 0.23188623785972595 -0.9719386100769043 -0.010149981826543808
0.9989475011825562 0.03086361289024353 -0.03393103554844856 -0.004061475861817598 0.022192146629095078 -0.9726186990737915 -0.231344074010849 -0.004130335059016943 -0.04014207795262337 0.23034757375717163 -0.9722800254821777 -0.011162877082824707
0.9989887475967407 0.028178738430142403 -0.03503406047821045 -0.0038160067051649094 0.01940254680812359 -0.9731268882751465 -0.2294500172138214 -0.004206354264169931 -0.04055820405483246 0.22853824496269226 -0.9726897478103638 -0.011953392066061497
0.9990337491035461 0.025953616946935654 -0.0354682058095932 -0.0036013005301356316 0.01724674180150032 -0.973793625831604 -0.22677762806415558 -0.004091290291398764 -0.040424421429634094 0.2259467989206314 -0.9733004570007324 -0.011962471529841423
0.999111533164978 0.026354849338531494 -0.032886940985918045 -0.004645471461117268 0.018524199724197388 -0.9755463600158691 -0.21901202201843262 -0.003968347795307636 -0.037854764610528946 0.2182082235813141 -0.9751678705215454 -0.011579804122447968
0.9991305470466614 0.02226434275507927 -0.03524884954094887 -0.003955954685807228 0.013891882263123989 -0.9749391078948975 -0.22203776240348816 -0.0038415074814110994 -0.03930900618433952 0.22135502099990845 -0.9744006395339966 -0.011372525244951248
0.9991543292999268 0.021194759756326675 -0.035233430564403534 -0.0039010324981063604 0.012915234081447124 -0.9753128290176392 -0.22044995427131653 -0.003961207810789347 -0.03903599828481674 0.21980848908424377 -0.9747618436813354 -0.010766016319394112
0.9991849064826965 0.02067103609442711 -0.034672874957323074 -0.003735943231731653 0.012558776885271072 -0.9754972457885742 -0.2196529060602188 -0.004017438739538193 -0.0383637435734272 0.21903841197490692 -0.9749617576599121 -0.010874662548303604
0.9992194175720215 0.020455826073884964 -0.0337955541908741 -0.0038392646238207817 0.012553378939628601 -0.9755692481994629 -0.21933342516422272 -0.00400127936154604 -0.03745654597878456 0.21873797476291656 -0.9750645160675049 -0.01055108942091465
0.9991847276687622 0.02513466589152813 -0.031592704355716705 -0.004927445203065872 0.017687680199742317 -0.975994348526001 -0.21707642078399658 -0.004005624912679195 -0.03629044443368912 0.21634063124656677 -0.9756432771682739 -0.011333717964589596
0.9993240833282471 0.019063247367739677 -0.031432077288627625 -0.0042811245657503605 0.011643419042229652 -0.9751501083374023 -0.22123834490776062 -0.004094265401363373 -0.0348685160279274 0.22072282433509827 -0.9747128486633301 -0.010975746437907219
0.999366819858551 0.01806902326643467 -0.030650123953819275 -0.0038536544889211655 0.010776768438518047 -0.9747058153152466 -0.22323046624660492 -0.004027069080621004 -0.0339084193110466 0.22275881469249725 -0.9742834568023682 -0.010765422135591507
0.9994004964828491 0.017568673938512802 -0.029833149164915085 -0.004173567518591881 0.010421440936625004 -0.9743739366531372 -0.22469189763069153 -0.004109069239348173 -0.03301618620753288 0.2242462933063507 -0.9739727973937988 -0.011331790126860142
0.9994223713874817 0.01662108115851879 -0.029642149806022644 -0.003718175459653139 0.009515762329101562 -0.9742131233215332 -0.22542931139469147 -0.0039621638134121895 -0.03262464702129364 0.2250170260667801 -0.9738086462020874 -0.0111530227586627
0.9994690418243408 0.01774418354034424 -0.02732633426785469 -0.003929066471755505 0.011343104764819145 -0.9757251739501953 -0.21870359778404236 -0.0038625493180006742 -0.03054371476173401 0.21827751398086548 -0.9754084348678589 -0.014517439529299736
0.9994556307792664 0.014613963663578033 -0.02957787550985813 -0.0037098368629813194 0.007557218428701162 -0.974113941192627 -0.2259310930967331 -0.004243818111717701 -0.03211396932601929 0.22558458149433136 -0.9736940860748291 -0.011666598729789257
0.9994483590126038 0.01345786638557911 -0.03036128170788288 -0.0036234604194760323 0.006254676729440689 -0.9741313457489014 -0.22589632868766785 -0.0040802545845508575 -0.03261595591902733 0.2255818247795105 -0.9736782312393188 -0.012269541621208191
0.9994350075721741 0.012665391899645329 -0.031133271753787994 -0.0037253513000905514 0.0053261322900652885 -0.9742602109909058 -0.22536233067512512 -0.0041802916675806046 -0.03318621963262558 0.22506916522979736 -0.9737770557403564 -0.012388506904244423
0.999406635761261 0.012414546683430672 -0.03212903439998627 -0.003632546169683337 0.004889318719506264 -0.9744744300842285 -0.22444619238376617 -0.00412103021517396 -0.03409530967473984 0.22415591776371002 -0.973956823348999 -0.011985774151980877
0.9993076324462891 0.020049916580319405 -0.03134109824895859 -0.004499510396271944 0.012704534456133842 -0.9756289720535278 -0.21905872225761414 -0.00426925253123045 -0.03496938943862915 0.21850886940956116 -0.9752081632614136 -0.012690018862485886
0.9993773102760315 0.013233396224677563 -0.032708540558815 -0.004082949832081795 0.005664988420903683 -0.9751564264297485 -0.22144575417041779 -0.004281569737941027 -0.03482642024755478 0.22112257778644562 -0.9746241569519043 -0.010781225748360157
0.999341607093811 0.014292899519205093 -0.033348117023706436 -0.003735792823135853 0.006591256707906723 -0.9753609895706177 -0.22051678597927094 -0.004315613303333521 -0.03567827120423317 0.22015179693698883 -0.9748129844665527 -0.010446147993206978
0.9992977380752563 0.0158657506108284 -0.033946190029382706 -0.003738956293091178 0.00804026797413826 -0.9756242036819458 -0.21929976344108582 -0.004339711274951696 -0.036598090082407 0.2188728153705597 -0.9750666618347168 -0.010547041893005371
0.9992567896842957 0.017675578594207764 -0.03425471857190132 -0.0038195799570530653 0.009781040251255035 -0.9758511781692505 -0.21821705996990204 -0.004537001717835665 -0.037284623831510544 0.21771983802318573 -0.9752987623214722 -0.010746747255325317
0.9991635680198669 0.02333274483680725 -0.03358163312077522 -0.00385294365696609 0.015347304753959179 -0.9751704931259155 -0.22092251479625702 -0.0040409862995147705 -0.037902552634477615 0.2202223390340805 -0.9747129678726196 -0.008362370543181896
0.9991039633750916 0.022898608818650246 -0.03559369593858719 -0.0039879269897937775 0.014611246064305305 -0.9759061336517334 -0.21769988536834717 -0.00482539739459753 -0.03972113877534866 0.21698474884033203 -0.9753663539886475 -0.0104142427444458
0.9990161657333374 0.025713810697197914 -0.03613203391432762 -0.0041987099684774876 0.01724318228662014 -0.9758580923080444 -0.21772401034832 -0.004846068564802408 -0.040858250111341476 0.21688677370548248 -0.9753413200378418 -0.009851198643445969
0.9989078044891357 0.02872609533369541 -0.03685162588953972 -0.004115115385502577 0.020035570487380028 -0.9758361577987671 -0.21758270263671875 -0.005092605948448181 -0.04221145436167717 0.21660670638084412 -0.9753458499908447 -0.009106195531785488
